Matriz 1
0 6 5 2 8 1 6 1 3 6 1 3 0 4 8 3 7 7 9 0 8 8 6 6 9 3 3 6 7 0 2 8 5 3 8 6 9 5 6 7 
1 0 1 9 1 8 5 4 5 0 5 3 3 1 5 9 3 4 9 5 4 7 0 5 3 2 4 4 7 1 6 2 3 6 3 5 7 1 6 7 
4 9 5 0 0 0 5 9 0 3 9 3 0 7 4 7 6 4 3 8 0 5 3 8 3 1 1 2 4 2 4 1 0 6 4 1 4 3 2 5 
6 2 4 3 5 0 8 4 1 6 6 1 6 0 2 8 5 0 8 1 2 6 5 1 4 4 9 5 5 7 4 0 9 2 8 4 4 2 5 9 
7 4 3 5 8 0 0 5 5 0 2 7 9 0 8 7 7 3 4 1 3 6 7 7 0 9 6 1 9 3 3 5 6 2 9 5 8 7 7 1 
8 2 0 3 8 8 6 5 4 5 3 5 5 2 1 2 7 5 9 8 6 3 4 9 6 3 6 8 6 6 7 8 4 3 5 4 1 8 6 7 
3 8 4 4 8 0 0 1 6 9 7 7 3 8 4 8 0 0 5 6 7 1 7 4 7 0 2 7 9 1 6 5 5 3 2 6 8 2 1 3 
6 7 7 8 4 1 8 9 4 8 4 2 5 3 5 7 4 2 2 9 9 7 1 4 1 6 0 1 5 4 3 1 9 3 3 0 0 5 6 9 
6 8 5 4 8 0 3 3 7 6 6 9 6 9 7 4 5 2 6 1 9 6 8 7 0 0 2 4 5 5 4 7 7 3 3 8 0 9 7 8 
2 8 0 7 9 1 4 7 3 5 1 2 9 4 9 8 0 2 2 8 3 8 1 3 2 4 5 7 8 5 5 5 0 0 0 5 3 7 4 4 
3 2 6 5 4 8 6 0 4 3 4 2 4 5 2 9 9 7 4 4 7 1 0 3 4 1 7 7 3 4 3 3 8 0 5 2 1 9 8 9 
1 3 4 3 5 4 4 1 0 6 0 9 5 7 5 9 7 6 3 2 1 0 8 8 7 8 7 2 0 8 8 3 2 0 3 8 5 1 2 6 
8 8 5 1 4 3 1 0 0 3 9 1 0 0 6 3 3 3 5 8 6 5 9 3 0 6 8 4 2 4 5 6 0 9 5 7 0 0 0 3 
0 0 7 0 3 9 3 9 6 0 9 5 2 0 1 3 5 5 0 3 1 4 1 1 5 0 1 5 5 8 1 1 7 0 5 5 9 4 7 1 
9 9 2 6 3 6 8 5 8 5 3 2 6 7 4 1 4 5 7 6 1 9 3 5 1 9 6 1 1 1 0 2 2 5 4 2 7 6 7 6 
7 7 8 1 0 9 4 0 4 0 9 7 8 9 9 7 3 4 5 6 7 8 1 0 6 7 5 3 2 2 1 1 7 8 3 0 4 4 9 3 
9 2 7 2 0 6 7 8 7 9 5 6 2 6 9 0 2 6 9 2 5 5 7 2 6 0 3 2 8 8 0 9 2 3 9 5 7 1 0 1 
7 9 9 7 4 9 5 0 9 2 2 4 3 5 1 0 0 8 5 0 2 5 2 4 2 9 9 5 0 7 9 2 1 2 8 7 5 0 9 9 
5 7 5 8 4 0 7 8 5 4 6 7 5 3 6 9 6 8 0 8 4 3 5 2 3 7 2 6 6 6 3 7 4 2 6 6 2 6 2 9 
0 0 5 2 6 7 7 2 4 2 8 4 9 0 4 0 8 6 7 6 2 7 0 4 6 8 7 7 7 0 0 5 5 4 7 0 8 0 8 4 
5 1 6 2 6 7 9 7 1 9 5 9 8 3 7 3 1 8 5 6 6 0 0 1 2 1 4 3 1 1 6 4 3 9 4 2 3 8 3 5 
4 6 9 2 8 1 5 7 9 9 6 8 7 3 0 7 8 6 5 2 6 3 3 0 9 0 2 7 8 1 2 4 5 0 1 9 0 9 5 9 
2 2 1 7 4 8 0 0 5 8 7 6 2 2 8 3 3 8 0 6 5 3 0 2 0 6 0 8 9 3 3 9 6 5 4 5 6 6 6 8 
1 7 6 7 7 4 8 1 2 5 9 7 3 6 1 9 8 7 5 1 6 6 0 4 7 0 4 5 2 2 8 0 1 5 2 0 6 8 6 3 
7 0 5 2 9 5 7 7 6 4 5 1 3 1 5 4 4 6 4 0 7 4 4 5 6 0 6 4 3 2 6 6 6 1 5 8 0 0 4 6 
7 6 2 5 1 9 7 0 9 7 5 0 0 3 7 9 0 1 1 0 8 1 8 2 5 7 7 8 1 4 3 5 3 7 5 8 3 1 5 4 
7 5 2 4 6 3 8 8 7 8 0 8 2 7 6 2 6 1 4 5 0 4 0 1 3 4 2 6 3 6 9 5 0 6 8 8 3 8 9 4 
5 5 2 5 0 9 5 7 7 4 0 5 9 0 6 3 7 0 2 1 2 6 8 6 1 2 5 8 4 5 9 4 8 9 5 5 2 8 9 0 
9 6 4 1 7 2 6 6 5 8 8 1 9 7 0 0 3 6 3 8 6 0 7 0 3 7 5 6 4 2 3 3 3 6 0 0 5 3 6 8 
3 3 0 5 5 8 5 7 3 7 9 4 8 0 3 6 8 9 3 2 5 1 6 8 3 7 5 1 0 9 4 4 0 5 8 6 2 5 7 2 
1 8 6 1 5 4 1 6 3 8 4 9 5 7 1 6 4 3 6 8 9 5 2 5 7 2 4 0 8 4 0 6 6 6 5 8 9 9 8 1 
3 1 9 7 0 1 5 6 8 7 7 2 2 9 9 1 0 1 6 1 5 9 1 3 8 6 8 5 1 5 9 4 3 1 6 7 6 3 2 8 
9 9 8 1 0 3 7 2 4 3 8 6 9 4 6 5 1 6 0 0 9 5 2 1 6 2 7 3 0 2 3 6 4 8 3 2 6 0 0 8 
0 3 0 8 5 0 1 5 1 6 7 8 7 2 4 8 4 2 9 8 3 6 6 4 0 6 9 0 6 8 7 5 9 9 1 8 9 1 8 7 
8 5 9 7 1 7 5 2 3 6 0 4 1 7 5 0 0 0 3 6 7 5 0 1 1 3 6 3 4 8 8 2 6 0 4 6 5 7 0 3 
0 7 3 5 6 9 4 3 8 9 5 7 0 1 7 6 3 5 9 9 6 0 4 2 1 9 1 2 6 4 1 3 0 5 1 7 7 9 5 8 
4 7 9 9 7 2 0 7 6 3 1 6 0 3 6 3 2 8 4 8 2 4 8 6 9 5 1 2 8 8 0 6 4 5 3 6 5 3 5 1 
2 7 9 9 9 3 1 3 6 0 3 0 8 6 6 2 6 7 2 5 8 3 9 9 7 9 6 4 6 4 0 4 9 7 0 6 3 0 8 2 
1 1 3 9 9 4 2 3 4 5 4 5 5 2 9 3 8 2 3 4 5 7 1 8 0 2 9 4 7 0 5 1 0 8 5 8 3 9 7 2 
5 6 6 1 3 4 7 6 1 2 2 8 0 4 8 7 2 1 8 5 6 2 7 2 8 6 1 7 5 2 1 1 7 5 9 0 3 0 6 0 

Matriz 2
7 7 8 5 6 7 3 9 9 1 6 4 9 5 7 8 9 2 0 9 3 7 0 0 5 2 8 3 2 8 3 9 6 6 3 8 4 5 4 7 
2 4 8 8 9 5 7 2 9 3 6 4 1 1 1 8 9 4 3 0 3 1 3 7 6 8 6 9 5 4 2 0 8 2 1 7 2 9 8 9 
9 1 3 4 3 9 2 0 7 3 8 8 6 8 4 1 8 3 6 4 8 7 6 5 3 4 6 3 0 0 1 2 7 5 4 6 6 7 3 8 
8 9 5 8 7 1 4 0 0 5 9 0 7 0 7 1 1 1 5 5 1 1 2 7 9 2 8 7 7 9 8 1 3 9 3 1 2 2 5 1 
5 6 1 0 2 2 2 1 7 6 6 6 1 6 9 5 3 0 8 2 3 5 1 3 9 2 8 7 1 7 0 2 8 0 5 2 3 6 6 7 
2 6 5 1 6 3 3 2 8 3 2 4 4 2 5 9 4 7 0 9 8 4 8 0 4 2 0 3 0 7 8 4 5 5 3 3 7 7 7 4 
2 1 6 1 0 5 9 4 4 4 6 1 7 1 8 9 6 5 5 3 6 0 2 6 6 6 9 7 8 3 9 6 5 0 1 2 9 7 8 0 
5 8 4 6 9 0 6 5 2 8 6 4 4 6 7 1 6 3 0 7 3 9 8 5 4 7 8 5 4 0 3 0 3 1 5 4 8 1 2 9 
5 9 1 0 0 1 4 2 9 3 6 6 5 5 8 3 3 1 9 4 4 5 1 5 5 8 0 8 6 4 2 2 2 3 6 4 4 0 7 0 
8 6 3 5 2 5 9 1 2 8 3 3 2 8 2 3 7 3 1 1 0 0 8 6 0 3 6 6 3 9 3 7 9 2 1 5 6 6 1 6 
8 9 1 7 2 1 5 8 1 4 8 7 9 0 9 6 3 7 4 0 5 5 1 5 6 8 3 3 2 5 5 2 0 2 6 4 5 2 2 3 
0 0 1 9 9 9 0 2 3 5 0 3 0 4 6 6 2 3 1 9 8 5 1 1 6 9 0 2 0 5 9 7 1 7 4 6 8 5 1 9 
5 7 2 5 0 3 6 3 3 5 1 4 2 2 6 6 1 0 4 0 1 8 5 9 6 0 7 0 6 8 7 8 9 5 7 2 2 1 3 0 
9 0 7 9 4 8 5 3 0 1 8 9 7 2 3 3 3 2 7 6 4 6 5 9 1 4 8 4 6 8 1 6 8 9 5 8 2 2 5 5 
4 0 5 7 5 6 9 5 7 3 2 4 8 6 0 5 0 8 4 0 4 9 4 3 2 6 3 3 0 7 2 7 0 2 1 7 3 1 3 1 
5 6 8 2 2 1 4 8 5 0 5 6 5 6 6 8 4 4 5 5 7 1 8 5 0 5 6 6 3 3 1 4 8 2 6 3 0 5 6 7 
0 6 5 1 6 3 9 5 8 3 9 1 2 1 9 0 2 9 9 2 8 5 5 5 1 1 6 5 0 9 8 2 8 3 7 4 3 4 3 6 
1 0 3 8 5 6 9 7 5 8 0 9 6 3 7 8 1 0 5 9 1 7 5 1 9 4 4 2 0 3 9 2 2 6 4 2 2 8 6 1 
1 4 2 7 6 6 2 8 2 5 1 3 9 6 3 3 6 1 8 7 0 2 1 0 9 1 6 8 0 4 6 9 7 7 2 2 9 7 9 7 
6 2 6 1 9 1 4 3 4 2 8 1 3 3 0 4 0 3 1 5 3 1 9 6 7 4 2 7 8 1 3 8 4 4 2 9 7 8 6 4 
2 3 8 4 4 6 5 5 3 8 9 3 1 7 7 3 4 0 0 1 3 6 9 1 2 9 0 2 6 9 7 9 2 8 7 0 4 3 1 7 
6 8 9 2 6 6 7 8 9 5 1 9 6 0 0 6 5 9 8 5 5 1 0 4 1 6 0 9 2 8 0 1 0 2 4 7 2 3 1 4 
9 6 2 0 8 7 5 5 2 6 7 9 5 7 1 0 8 4 5 6 5 5 5 7 0 9 2 4 0 7 8 8 7 8 1 9 0 8 8 8 
4 3 5 5 0 2 3 7 6 6 2 6 3 1 4 2 8 6 4 2 7 7 9 4 1 7 9 9 1 6 1 8 8 6 8 1 6 8 4 3 
5 3 5 9 4 9 6 8 4 8 4 1 1 1 6 3 7 1 1 5 6 5 2 0 0 1 2 1 8 1 7 0 2 2 2 3 2 6 5 3 
8 4 3 8 8 7 5 5 1 7 5 5 0 4 9 5 8 2 8 4 1 7 1 0 2 0 9 7 1 8 5 5 6 4 0 3 2 4 5 2 
3 7 5 5 0 1 9 1 8 2 8 3 1 0 3 4 9 8 7 1 9 8 3 9 1 3 2 6 6 1 1 6 8 5 2 8 4 5 1 2 
0 7 4 7 4 1 6 7 6 5 2 5 5 8 6 1 8 1 8 4 0 9 5 7 1 3 9 4 0 1 8 8 7 1 0 9 3 3 6 0 
5 5 4 9 6 6 6 5 5 2 5 2 1 8 8 9 6 7 8 2 0 5 6 4 8 1 0 4 3 4 5 6 0 6 4 8 0 4 3 0 
7 9 1 4 8 8 3 8 5 5 7 6 7 6 1 8 2 8 5 0 2 0 8 1 5 4 3 3 3 5 8 5 3 5 0 3 7 0 4 2 
1 6 1 8 3 1 0 3 4 4 6 6 5 2 1 4 5 0 4 3 2 2 3 8 6 1 3 0 7 1 1 4 9 4 4 5 5 3 5 8 
5 7 1 9 2 0 7 3 2 5 7 6 2 3 3 2 4 9 1 6 2 0 5 1 0 7 9 2 6 2 8 0 5 9 2 1 6 7 6 2 
7 9 4 9 9 2 7 2 5 3 1 4 0 3 4 7 6 9 8 3 3 6 9 9 4 6 8 9 7 7 8 7 3 7 1 2 9 9 3 6 
0 7 6 1 1 8 6 7 6 4 8 3 9 9 2 4 1 5 2 6 0 4 4 0 0 7 5 8 3 0 6 2 9 0 7 7 4 7 5 8 
4 7 6 7 7 8 4 6 1 7 6 9 7 9 4 3 5 9 9 4 6 4 7 6 9 3 7 7 2 9 8 9 4 9 9 3 3 7 8 3 
6 6 2 0 3 4 4 0 6 4 7 2 7 3 5 7 5 9 0 5 0 0 5 5 3 8 9 1 6 5 3 6 8 0 6 7 7 3 1 8 
8 5 1 5 5 0 5 1 4 7 0 0 5 5 2 0 2 1 7 3 0 5 3 6 1 0 1 3 6 4 2 2 4 0 3 8 2 5 1 6 
6 5 1 7 9 9 0 8 8 2 6 1 5 5 8 0 1 6 8 2 9 9 7 7 0 3 9 7 2 2 6 9 2 4 2 8 1 4 9 8 
1 0 7 9 3 2 0 1 0 7 3 8 7 3 6 0 4 3 1 3 8 7 0 5 6 6 0 4 9 8 3 5 3 3 5 2 5 6 9 9 
4 5 2 4 1 9 5 7 7 6 3 7 9 8 6 6 5 9 4 1 9 3 9 8 6 0 6 2 3 5 1 4 4 7 2 5 5 0 4 4 

Resultado 2
838 893 794 1042 861 934 1021 865 922 983 877 899 867 872 922 755 924 878 984 709 763 870 870 847 705 824 955 950 656 994 903 917 923 820 702 890 771 996 918 919 
666 854 695 817 691 624 776 741 757 733 739 694 847 652 801 737 673 719 756 669 634 682 732 719 701 653 712 794 618 779 738 752 744 672 645 723 711 729 754 712 
663 672 665 750 691 657 739 740 684 620 757 695 742 585 644 623 672 668 632 549 624 638 706 692 536 676 742 744 479 620 567 634 726 548 572 768 608 713 663 756 
810 979 695 853 742 765 871 804 795 780 824 787 828 757 842 784 877 826 887 559 702 734 775 865 701 637 891 849 620 875 779 887 879 700 586 787 750 782 762 789 
897 1000 737 1006 930 807 878 814 895 857 881 869 789 813 962 774 842 854 986 686 747 964 799 859 756 783 942 938 607 1040 848 963 901 835 755 883 690 878 849 900 
835 1066 798 1049 930 883 948 968 989 960 998 897 907 852 1048 875 956 888 907 816 835 930 982 874 846 813 1051 972 719 998 1024 1084 1042 922 737 916 943 1002 1016 941 
883 894 676 949 782 745 834 710 784 784 884 775 734 806 804 738 830 652 791 633 589 743 818 857 651 801 826 813 673 848 735 867 908 742 639 913 689 847 769 890 
893 920 837 929 883 818 910 799 841 825 941 813 822 786 914 819 824 777 798 616 739 791 923 885 764 796 950 963 713 960 783 880 838 778 647 794 809 825 817 882 
961 1032 809 1078 932 987 947 891 987 913 1041 1015 964 898 1002 866 927 935 944 725 854 941 953 995 794 1022 1064 985 708 1121 914 1076 1015 957 788 979 881 922 946 1072 
801 874 706 885 779 659 849 717 827 741 822 727 724 686 790 772 720 690 780 551 590 743 778 851 681 688 875 825 664 815 665 806 828 635 562 847 635 697 774 727 
732 864 743 914 757 769 845 781 869 750 874 804 808 713 962 760 767 800 870 633 853 835 904 866 701 674 892 825 640 885 870 896 861 808 648 749 748 832 874 788 
792 778 625 869 752 806 823 707 763 804 807 801 715 669 781 749 800 727 771 654 730 730 819 784 589 673 882 717 566 870 781 846 982 752 592 783 712 811 752 823 
698 818 655 690 701 706 782 724 768 660 885 748 760 670 623 704 766 740 635 576 554 627 673 617 563 736 741 740 455 724 669 764 834 644 536 816 639 787 691 764 
661 766 497 707 709 552 642 595 676 671 634 653 650 584 754 607 583 672 661 558 618 694 680 623 581 624 574 613 492 634 713 584 539 506 546 647 664 632 608 662 
866 910 816 914 852 829 931 795 899 828 868 830 905 686 886 794 848 763 876 733 738 842 726 844 742 745 935 1003 674 982 781 872 918 758 641 895 766 876 907 839 
838 846 884 1020 875 926 912 857 901 775 877 896 901 727 886 886 803 796 833 740 831 941 778 795 694 827 797 886 670 961 861 918 852 797 690 914 773 896 867 896 
923 939 728 980 892 930 986 850 839 887 900 862 938 875 830 823 873 853 802 804 660 810 852 718 725 853 855 830 601 928 949 922 817 857 651 907 860 877 816 818 
817 924 739 974 790 865 827 715 915 877 894 966 939 730 883 850 941 751 879 743 765 812 727 841 848 728 891 859 674 943 795 845 977 835 649 849 815 861 916 839 
958 1028 799 1053 985 905 1029 910 928 912 1051 918 920 871 1047 912 873 898 915 760 792 879 978 949 833 890 1085 939 711 967 981 934 935 869 706 953 821 894 929 894 
727 869 691 926 735 710 930 755 796 865 752 784 752 682 930 740 772 776 912 648 708 872 717 758 750 636 793 852 604 882 887 814 802 703 663 761 762 869 800 664 
708 794 661 895 743 817 841 742 794 813 812 739 830 790 862 782 690 672 673 706 691 830 835 749 721 736 885 763 595 784 861 895 869 702 641 797 835 841 790 859 
874 981 718 990 842 910 941 832 969 894 961 859 824 865 1115 837 914 789 882 722 818 895 903 925 775 843 995 861 690 908 905 896 942 771 730 909 825 870 875 977 
791 901 649 983 823 739 872 734 806 821 797 785 798 796 888 786 675 818 782 660 615 786 861 756 711 731 822 791 592 918 877 840 742 770 608 826 723 792 784 730 
725 841 754 948 754 794 836 803 845 809 883 790 836 657 936 747 757 666 862 652 796 786 739 834 701 736 845 858 636 849 819 769 893 684 700 798 706 859 845 900 
735 892 668 796 644 689 852 732 830 804 839 817 788 704 883 760 831 749 722 654 691 771 770 733 684 751 859 740 604 830 757 789 831 697 657 695 780 779 743 770 
804 940 766 808 696 755 900 748 836 774 928 803 854 772 830 792 883 770 721 661 673 737 780 749 551 827 842 824 650 888 819 859 910 696 585 826 705 812 842 772 
791 927 748 974 882 863 846 778 875 850 957 822 927 824 903 769 813 804 823 750 729 800 787 854 759 789 992 897 713 911 839 914 958 715 678 939 854 822 920 949 
760 1056 772 932 884 770 889 793 940 827 893 830 853 775 860 758 857 875 843 721 760 905 870 908 655 855 915 924 679 935 948 958 974 765 697 909 815 879 908 915 
848 882 691 888 752 776 903 759 781 832 912 815 798 773 911 746 832 605 760 641 623 865 775 842 711 701 888 801 671 859 796 861 934 720 595 876 726 821 822 825 
806 990 710 902 820 786 908 854 801 935 940 873 862 732 974 806 789 822 778 692 760 837 881 770 744 815 940 853 606 994 967 893 953 772 755 738 799 867 877 856 
935 946 822 1067 976 921 926 808 897 928 975 840 803 856 936 817 864 863 843 758 788 881 980 878 720 918 911 969 778 968 904 966 956 835 786 957 860 1015 873 1085 
952 955 717 1022 767 858 923 789 828 875 932 882 952 752 824 728 890 807 886 655 723 827 789 899 659 760 910 833 720 888 736 851 859 789 634 895 817 718 756 796 
751 833 732 876 650 818 922 761 853 755 821 792 799 685 788 823 793 710 670 616 687 782 731 744 592 777 794 703 626 787 771 746 827 705 622 800 698 774 679 767 
933 1091 742 1031 921 783 957 812 835 924 958 859 906 814 867 864 829 915 901 709 694 798 905 953 802 857 921 973 788 993 882 957 1012 839 720 936 895 917 824 1007 
809 800 657 837 809 766 717 602 794 649 833 658 738 660 670 719 744 695 705 593 608 664 773 757 622 632 776 735 614 789 689 839 765 735 488 818 736 707 672 761 
842 878 676 893 909 856 858 770 878 866 902 756 859 868 934 818 761 773 814 710 707 773 882 755 765 800 854 927 605 916 858 911 875 736 616 893 813 880 916 920 
938 898 730 982 976 875 878 776 860 888 938 844 816 815 856 759 830 755 816 785 664 825 840 733 755 848 878 911 641 865 867 790 836 808 636 891 758 934 873 892 
963 973 831 1003 881 850 1011 773 920 932 1033 929 809 778 983 797 914 788 934 710 730 996 896 889 748 883 984 973 737 1032 911 888 1012 871 742 870 764 975 903 886 
737 903 725 847 737 730 836 710 884 785 909 735 815 719 887 680 705 814 855 603 734 859 775 837 681 749 851 895 594 919 742 883 879 686 751 860 697 780 763 832 
701 724 762 907 868 818 792 764 698 762 768 750 731 785 764 706 823 663 739 698 661 787 732 656 640 753 777 828 537 800 834 864 768 701 557 781 719 879 820 830 

